{
  "nbformat": 4,
  "nbformat_minor": 0,
  "metadata": {
    "colab": {
      "provenance": [],
      "authorship_tag": "ABX9TyNvM+if7sC1yHivtxwRBsUw",
      "include_colab_link": true
    },
    "kernelspec": {
      "name": "python3",
      "display_name": "Python 3"
    },
    "language_info": {
      "name": "python"
    }
  },
  "cells": [
    {
      "cell_type": "markdown",
      "metadata": {
        "id": "view-in-github",
        "colab_type": "text"
      },
      "source": [
        "<a href=\"https://colab.research.google.com/github/Uliana-Liakh/DS04_onl/blob/main/HWL10.ipynb\" target=\"_parent\"><img src=\"https://colab.research.google.com/assets/colab-badge.svg\" alt=\"Open In Colab\"/></a>"
      ]
    },
    {
      "cell_type": "markdown",
      "source": [
        "Даны матрицы А\n",
        "\n",
        "[[-0.05, -0.07,  0.34, -0.42,  0.  , -0.04, -0.33,  0.22,  0.28,\n",
        "         0.43, -0.2 ,  0.26,  0.1 , -0.8 , -0.62],\n",
        "       [ 0.62,  0.76,  0.68, -0.36,  0.  ,  0.39,  0.41,  0.81,  0.84,\n",
        "         0.48,  0.36,  0.11, -0.02, -0.79,  0.37],\n",
        "       [-0.36, -0.59,  0.68, -0.11,  0.  , -0.4 , -0.78, -0.59, -0.31,\n",
        "         0.11, -0.38,  0.18,  0.24,  0.23,  0.75],\n",
        "       [ 0.28,  0.17,  0.87, -0.53,  0.  , -0.39,  0.34, -0.17,  0.15,\n",
        "        -0.21,  0.34, -0.29, -0.41,  0.68,  0.62],\n",
        "       [-0.08,  0.07,  0.09, -0.3 ,  0.  , -0.73,  0.14,  0.38,  0.1 ,\n",
        "        -0.02, -0.55, -0.1 ,  0.31,  0.88,  0.18],\n",
        "       [-0.4 ,  0.41,  0.1 , -0.33,  0.  , -0.28,  0.1 ,  0.73, -0.25,\n",
        "         0.21, -0.17, -0.04,  0.08,  0.64, -0.25],\n",
        "       [ 0.29, -0.35, -0.34,  0.77,  0.  ,  0.03,  0.13,  0.82,  0.78,\n",
        "         0.64,  0.67, -0.04,  0.36,  0.79,  0.89],\n",
        "       [ 0.79,  0.56, -0.79,  0.57,  0.  , -0.44, -0.62,  0.69, -0.21,\n",
        "        -0.34, -0.22,  0.8 , -0.08, -0.54,  0.87],\n",
        "       [-0.76, -0.18, -0.37, -0.72,  0.  ,  0.46,  0.64,  0.7 , -0.16,\n",
        "         0.76,  0.31,  0.84,  0.  ,  0.39, -0.1 ],\n",
        "       [ 0.69,  0.66,  0.62, -0.07,  0.  ,  0.45,  0.47,  0.44,  0.69,\n",
        "        -0.03,  0.89,  0.19, -0.57, -0.73,  0.52],\n",
        "       [-0.37, -0.05, -0.29, -0.29,  0.  ,  0.83,  0.42, -0.75,  0.  ,\n",
        "         0.05, -0.35,  0.36, -0.13, -0.07,  0.04],\n",
        "       [-0.78, -0.71,  0.66,  0.22,  0.  , -0.67,  0.8 ,  0.2 ,  0.15,\n",
        "         0.39, -0.6 ,  0.62,  0.22, -0.75,  0.12],\n",
        "       [-0.65, -0.73,  0.45, -0.56,  0.  ,  0.07,  0.79,  0.75,  0.27,\n",
        "         0.83, -0.78,  0.85, -0.57,  0.35, -0.69],\n",
        "       [-0.28, -0.09, -0.32, -0.34,  0.  , -0.55, -0.63,  0.18,  0.46,\n",
        "        -0.49, -0.43,  0.54, -0.09,  0.84, -0.08],\n",
        "       [ 0.12,  0.4 ,  0.77,  0.4 ,  0.  ,  0.04,  0.66,  0.3 , -0.6 ,\n",
        "        -0.48, -0.48,  0.6 ,  0.11, -0.36,  0.14]]\n",
        "\n",
        "и В\n",
        "\n",
        "       [-70, -28,  19,  34, -70,  37,  84, -49,  -4, -74,  51,   6,  46,\n",
        "         75,  42],\n",
        "       [ 66,  15, -79,  66, -13,   0,  17, -15,   8,  25,  77,  64,  23,\n",
        "         34,  30],\n",
        "       [ -1,  34,  67, -13,  -7, -74, -63, -25,  48,  82,  38,  35,  30,\n",
        "         32, -16],\n",
        "       [ 74,  20, -53,   1, -28, -23,  73,  15, -27,  42, -62, -74,  51,\n",
        "         87,  46],\n",
        "       [ 55,  46,  33,  83,  80,  31,  21, -71,  26, -46,  39, -16,  77,\n",
        "         29, -35],\n",
        "       [ 78, -45, -16, -55, -79,  61, -77, -76,  55,  72,  29, -11, -58,\n",
        "         28,  52],\n",
        "       [  9, -78, -46,  87, -30, -16,  -5,  44, -30, -16, -26, -48,  -7,\n",
        "         34, -40],\n",
        "       [ 61, -47,  18, -16, -61, -55,  25,  37,  55,  66,  -5, -68, -29,\n",
        "        -22,  40],\n",
        "       [ -7, -44,  -6,  22,  36,  79, -15, -13,  24,   2,  57,  13, -47,\n",
        "         27, -22],\n",
        "       [ 58, -56, -65,  44, -53, -79,  21,  -7, -77,  31,  70,  55,  72,\n",
        "        -50,  -6],\n",
        "       [ 64, -29,  16, -61,  63, -52, -34, -19,  13, -74,  68, -66,  58,\n",
        "          7,  55],\n",
        "       [-79,  21, -64, -59, -16, -30,   4,   5, -54,   4,  20,  52, -11,\n",
        "        -20,  -2],\n",
        "       [-44, -72,  41, -33, -35,  34, -17,  47,   1,  25, -70,  26, -35,\n",
        "         57, -47],\n",
        "       [ 53,  38, -55, -24, -42,  33,  74,  32,  83,  79, -25,   2, -27,\n",
        "        -19,  46],\n",
        "       [ 11,  29,  10,  18,  39,  -1, -45, -56,  -6,  -7, -46,  10,  23,\n",
        "          5,   4]]\n",
        "\n",
        "1 Найдете матрицу последовательного применения операторов А и В\n",
        "        \n",
        "2 Примените этот оператор к вектору b\n",
        "        [ 8.5,  7.8,  2.4, -4.4, -0.6,  7.7, -3.2, -5.3, -4. , -5.6, -3.7,\n",
        "       -2.2,  8.1, -1.1,  2.3]\n",
        "    \n",
        "3 Найдите матрицу обратного отображения "
      ],
      "metadata": {
        "id": "eTSNoMIaIhQq"
      }
    },
    {
      "cell_type": "code",
      "source": [
        "import numpy as np"
      ],
      "metadata": {
        "id": "yKECb_vrJUJQ"
      },
      "execution_count": null,
      "outputs": []
    },
    {
      "cell_type": "code",
      "source": [
        "A = np.array([[-0.05, -0.07,  0.34, -0.42,  0.  , -0.04, -0.33,  0.22,  0.28,\n",
        "         0.43, -0.2 ,  0.26,  0.1 , -0.8 , -0.62],\n",
        "       [ 0.62,  0.76,  0.68, -0.36,  0.  ,  0.39,  0.41,  0.81,  0.84,\n",
        "         0.48,  0.36,  0.11, -0.02, -0.79,  0.37],\n",
        "       [-0.36, -0.59,  0.68, -0.11,  0.  , -0.4 , -0.78, -0.59, -0.31,\n",
        "         0.11, -0.38,  0.18,  0.24,  0.23,  0.75],\n",
        "       [ 0.28,  0.17,  0.87, -0.53,  0.  , -0.39,  0.34, -0.17,  0.15,\n",
        "        -0.21,  0.34, -0.29, -0.41,  0.68,  0.62],\n",
        "       [-0.08,  0.07,  0.09, -0.3 ,  0.  , -0.73,  0.14,  0.38,  0.1 ,\n",
        "        -0.02, -0.55, -0.1 ,  0.31,  0.88,  0.18],\n",
        "       [-0.4 ,  0.41,  0.1 , -0.33,  0.  , -0.28,  0.1 ,  0.73, -0.25,\n",
        "         0.21, -0.17, -0.04,  0.08,  0.64, -0.25],\n",
        "       [ 0.29, -0.35, -0.34,  0.77,  0.  ,  0.03,  0.13,  0.82,  0.78,\n",
        "         0.64,  0.67, -0.04,  0.36,  0.79,  0.89],\n",
        "       [ 0.79,  0.56, -0.79,  0.57,  0.  , -0.44, -0.62,  0.69, -0.21,\n",
        "        -0.34, -0.22,  0.8 , -0.08, -0.54,  0.87],\n",
        "       [-0.76, -0.18, -0.37, -0.72,  0.  ,  0.46,  0.64,  0.7 , -0.16,\n",
        "         0.76,  0.31,  0.84,  0.  ,  0.39, -0.1 ],\n",
        "       [ 0.69,  0.66,  0.62, -0.07,  0.  ,  0.45,  0.47,  0.44,  0.69,\n",
        "        -0.03,  0.89,  0.19, -0.57, -0.73,  0.52],\n",
        "       [-0.37, -0.05, -0.29, -0.29,  0.  ,  0.83,  0.42, -0.75,  0.  ,\n",
        "         0.05, -0.35,  0.36, -0.13, -0.07,  0.04],\n",
        "       [-0.78, -0.71,  0.66,  0.22,  0.  , -0.67,  0.8 ,  0.2 ,  0.15,\n",
        "         0.39, -0.6 ,  0.62,  0.22, -0.75,  0.12],\n",
        "       [-0.65, -0.73,  0.45, -0.56,  0.  ,  0.07,  0.79,  0.75,  0.27,\n",
        "         0.83, -0.78,  0.85, -0.57,  0.35, -0.69],\n",
        "       [-0.28, -0.09, -0.32, -0.34,  0.  , -0.55, -0.63,  0.18,  0.46,\n",
        "        -0.49, -0.43,  0.54, -0.09,  0.84, -0.08],\n",
        "       [ 0.12,  0.4 ,  0.77,  0.4 ,  0.  ,  0.04,  0.66,  0.3 , -0.6 ,\n",
        "        -0.48, -0.48,  0.6 ,  0.11, -0.36,  0.14]])\n",
        "B = np.array([[-70, -28,  19,  34, -70,  37,  84, -49,  -4, -74,  51,   6,  46,\n",
        "         75,  42],\n",
        "       [ 66,  15, -79,  66, -13,   0,  17, -15,   8,  25,  77,  64,  23,\n",
        "         34,  30],\n",
        "       [ -1,  34,  67, -13,  -7, -74, -63, -25,  48,  82,  38,  35,  30,\n",
        "         32, -16],\n",
        "       [ 74,  20, -53,   1, -28, -23,  73,  15, -27,  42, -62, -74,  51,\n",
        "         87,  46],\n",
        "       [ 55,  46,  33,  83,  80,  31,  21, -71,  26, -46,  39, -16,  77,\n",
        "         29, -35],\n",
        "       [ 78, -45, -16, -55, -79,  61, -77, -76,  55,  72,  29, -11, -58,\n",
        "         28,  52],\n",
        "       [  9, -78, -46,  87, -30, -16,  -5,  44, -30, -16, -26, -48,  -7,\n",
        "         34, -40],\n",
        "       [ 61, -47,  18, -16, -61, -55,  25,  37,  55,  66,  -5, -68, -29,\n",
        "        -22,  40],\n",
        "       [ -7, -44,  -6,  22,  36,  79, -15, -13,  24,   2,  57,  13, -47,\n",
        "         27, -22],\n",
        "       [ 58, -56, -65,  44, -53, -79,  21,  -7, -77,  31,  70,  55,  72,\n",
        "        -50,  -6],\n",
        "       [ 64, -29,  16, -61,  63, -52, -34, -19,  13, -74,  68, -66,  58,\n",
        "          7,  55],\n",
        "       [-79,  21, -64, -59, -16, -30,   4,   5, -54,   4,  20,  52, -11,\n",
        "        -20,  -2],\n",
        "       [-44, -72,  41, -33, -35,  34, -17,  47,   1,  25, -70,  26, -35,\n",
        "         57, -47],\n",
        "       [ 53,  38, -55, -24, -42,  33,  74,  32,  83,  79, -25,   2, -27,\n",
        "        -19,  46],\n",
        "       [ 11,  29,  10,  18,  39,  -1, -45, -56,  -6,  -7, -46,  10,  23,\n",
        "          5,   4]])"
      ],
      "metadata": {
        "id": "BImw0qDCIiH3"
      },
      "execution_count": null,
      "outputs": []
    },
    {
      "cell_type": "code",
      "source": [
        "A@B"
      ],
      "metadata": {
        "colab": {
          "base_uri": "https://localhost:8080/"
        },
        "id": "fxSDAyi_IkbZ",
        "outputId": "b7b189cb-f882-486f-a49e-a986b6b4e783"
      },
      "execution_count": null,
      "outputs": [
        {
          "output_type": "execute_result",
          "data": {
            "text/plain": [
              "array([[ -89.19,  -60.01,   61.83,  -14.51,  -10.12,  -58.24,  -67.57,\n",
              "          -2.37,  -58.51,    2.48,  116.52,   88.33,   -9.7 ,  -51.71,\n",
              "         -73.28],\n",
              "       [  62.35, -167.46,   14.67,  100.73,  -66.45,  -67.12, -105.04,\n",
              "        -113.32,   13.79,   13.6 ,  247.19,   44.63,   44.35,   84.54,\n",
              "          21.98],\n",
              "       [-116.88,  164.21,  104.62,  -85.91,   89.56,  -44.4 ,  -71.4 ,\n",
              "         -29.89,  -14.46,   58.32, -108.76,  124.64,   31.54,  -66.68,\n",
              "         -74.76],\n",
              "       [   6.14,   75.26,   54.55,   61.45,   70.48,  -34.37,  -33.  ,\n",
              "         -48.28,  107.47,   -5.53,   68.34,   31.54,   52.02,    2.43,\n",
              "           8.15],\n",
              "       [ -38.75,   31.33,   -8.63,   59.34,  -26.43,   10.09,  100.04,\n",
              "         113.26,   64.31,   88.62,  -90.46,   47.74,  -51.74,  -47.18,\n",
              "         -50.36],\n",
              "       [  87.99,   -0.72,  -49.51,   18.22,  -63.83,  -75.65,   53.32,\n",
              "         101.74,   72.82,  133.35,   -0.95,   18.7 ,  -36.81,  -88.56,\n",
              "           9.01],\n",
              "       [ 180.97, -120.08,  -74.92,  -19.52,  -65.28,  -12.33,  104.67,\n",
              "           9.68,   42.68,   65.29,  -31.3 , -132.99,   43.19,   57.69,\n",
              "         110.61],\n",
              "       [ -84.24,   68.48,  -60.63,   11.78,  -18.53,   -3.99,  150.43,\n",
              "         -43.59,  -94.68, -103.75,  -37.69,   -1.34,   65.66,   57.86,\n",
              "          93.72],\n",
              "       [  91.  , -126.87, -130.74,  -64.16,  -80.18, -105.89,  -72.73,\n",
              "          70.64,  -22.84,   95.41,   47.97,    3.59,  -80.23, -183.22,\n",
              "          -6.33],\n",
              "       [  83.12,  -89.45,    7.19,   62.04,   14.6 ,  -62.1 , -109.2 ,\n",
              "        -161.49,   24.92,  -72.95,  248.32,  -36.79,   86.36,  113.38,\n",
              "          86.7 ],\n",
              "       [ -21.29,  -18.14,  -86.21,   -0.51,  -17.13,   96.28, -109.97,\n",
              "         -53.06,  -47.23,   13.54,   -2.95,   69.05,  -84.29,  -27.97,\n",
              "         -46.6 ],\n",
              "       [-123.42,  -42.5 ,   27.29,   54.89,   35.27, -171.18,  -86.34,\n",
              "         118.63, -157.13,   60.17, -118.96,   12.73,    0.99,  -43.  ,\n",
              "        -197.58],\n",
              "       [ -21.03,  -72.23,  -90.78,   14.07, -126.13, -130.41,  -16.89,\n",
              "         113.14,  -25.97,  190.75,   40.54,   40.7 , -105.98, -194.83,\n",
              "         -95.51],\n",
              "       [-102.99,  121.33,  -23.65,  -74.78,   55.45,   93.72,   87.17,\n",
              "          74.16,   76.9 ,   44.69,  -50.3 ,   64.6 , -119.95, -103.04,\n",
              "         -10.54],\n",
              "       [ -49.95,   31.7 ,  -10.1 ,   38.38,  -90.72,  -97.16,  -18.48,\n",
              "          21.06,  -18.91,   88.35,  -69.7 ,    3.37,   10.87,  105.25,\n",
              "         -21.89]])"
            ]
          },
          "metadata": {},
          "execution_count": 5
        }
      ]
    },
    {
      "cell_type": "code",
      "source": [
        "b = np.array([ 8.5,  7.8,  2.4, -4.4, -0.6,  7.7, -3.2, -5.3, -4. , -5.6, -3.7,\n",
        "       -2.2,  8.1, -1.1,  2.3])"
      ],
      "metadata": {
        "id": "vnXYBzyyJ1IG"
      },
      "execution_count": null,
      "outputs": []
    },
    {
      "cell_type": "code",
      "source": [
        "C = B @ A @ b\n",
        "C"
      ],
      "metadata": {
        "colab": {
          "base_uri": "https://localhost:8080/"
        },
        "id": "xfROJKMDJ9o7",
        "outputId": "cff7be07-3534-4eb8-8ede-c2d970b69b41"
      },
      "execution_count": null,
      "outputs": [
        {
          "output_type": "execute_result",
          "data": {
            "text/plain": [
              "array([-2653.55 , -1726.251,  -539.132,  -654.974, -3038.508,  1516.034,\n",
              "         939.057,  1777.987,   -18.045, -1214.986,   210.535,   472.063,\n",
              "        -562.658,  -947.503,  -513.84 ])"
            ]
          },
          "metadata": {},
          "execution_count": 7
        }
      ]
    },
    {
      "cell_type": "code",
      "source": [
        "np.linalg.inv(A@B)"
      ],
      "metadata": {
        "colab": {
          "base_uri": "https://localhost:8080/"
        },
        "id": "aihJjF-KLVya",
        "outputId": "b2433995-2e00-47da-9478-89bd0e604c48"
      },
      "execution_count": null,
      "outputs": [
        {
          "output_type": "execute_result",
          "data": {
            "text/plain": [
              "array([[ 2.44938187e+12, -7.89226240e+12,  2.85442013e+12,\n",
              "        -6.90299199e+12,  1.10250210e+13, -3.92811614e+11,\n",
              "        -6.00039018e+11, -1.12584336e+12,  1.72526089e+11,\n",
              "         1.18950654e+13,  8.77253971e+11, -1.70030751e+12,\n",
              "         2.25809483e+11, -3.27045667e+12, -6.88979228e+11],\n",
              "       [ 3.51275236e+11, -1.13185958e+12,  4.09363324e+11,\n",
              "        -9.89984519e+11,  1.58114048e+12, -5.63346181e+10,\n",
              "        -8.60538937e+10, -1.61461509e+11,  2.47426272e+10,\n",
              "         1.70591689e+12,  1.25810352e+11, -2.43847613e+11,\n",
              "         3.23842028e+10, -4.69028716e+11, -9.88091498e+10],\n",
              "       [-4.75243309e+11,  1.53130263e+12, -5.53831186e+11,\n",
              "         1.33935863e+12, -2.13913865e+12,  7.62155927e+10,\n",
              "         1.16423058e+11,  2.18442674e+11, -3.34745146e+10,\n",
              "        -2.30794973e+12, -1.70209915e+11,  3.29903547e+11,\n",
              "        -4.38128684e+10,  6.34553013e+11,  1.33679755e+11],\n",
              "       [-1.58028331e+12,  5.09190122e+12, -1.84160443e+12,\n",
              "         4.45364733e+12, -7.11308302e+12,  2.53432772e+11,\n",
              "         3.87130997e+11,  7.26367537e+11, -1.11309756e+11,\n",
              "        -7.67441515e+12, -5.65983534e+11,  1.09699823e+12,\n",
              "        -1.45686943e+11,  2.11002137e+12,  4.44513118e+11],\n",
              "       [-4.02107348e+11,  1.29564799e+12, -4.68601210e+11,\n",
              "         1.13324257e+12, -1.80994315e+12,  6.44866520e+10,\n",
              "         9.85065256e+10,  1.84826178e+11, -2.83230675e+10,\n",
              "        -1.95277562e+12, -1.44016036e+11,  2.79134157e+11,\n",
              "        -3.70704353e+10,  5.36900624e+11,  1.13107561e+11],\n",
              "       [-2.79585739e+12,  9.00865659e+12, -3.25819004e+12,\n",
              "         7.87944965e+12, -1.25845572e+13,  4.48376493e+11,\n",
              "         6.84917097e+11,  1.28509871e+12, -1.96930640e+11,\n",
              "        -1.35776732e+13, -1.00134529e+12,  1.94082326e+12,\n",
              "        -2.57751197e+11,  3.73307671e+12,  7.86438278e+11],\n",
              "       [ 2.94530006e+12, -9.49018248e+12,  3.43234507e+12,\n",
              "        -8.30061778e+12,  1.32572202e+13, -4.72342873e+11,\n",
              "        -7.21526919e+11, -1.35378912e+12,  2.07456871e+11,\n",
              "         1.43034197e+13,  1.05486866e+12, -2.04456311e+12,\n",
              "         2.71528376e+11, -3.93261513e+12, -8.28474556e+11],\n",
              "       [-3.42360912e+12,  1.10313634e+13, -3.98974897e+12,\n",
              "         9.64861649e+12, -1.54101583e+13,  5.49050126e+11,\n",
              "         8.38701012e+11,  1.57364095e+12, -2.41147327e+11,\n",
              "        -1.66262578e+13, -1.22617658e+12,  2.37659484e+12,\n",
              "        -3.15623878e+11,  4.57126159e+12,  9.63016667e+11],\n",
              "       [ 1.23978099e+12, -3.99475353e+12,  1.44479546e+12,\n",
              "        -3.49402367e+12,  5.58043298e+12, -1.98825825e+11,\n",
              "        -3.03716205e+11, -5.69857732e+11,  8.73259363e+10,\n",
              "         6.02081534e+12,  4.44031536e+11, -8.60628942e+11,\n",
              "         1.14295899e+11, -1.65537683e+12, -3.48734249e+11],\n",
              "       [-2.46161884e+12,  7.93169168e+12, -2.86868065e+12,\n",
              "         6.93747893e+12, -1.10801013e+13,  3.94774078e+11,\n",
              "         6.03036778e+11,  1.13146801e+12, -1.73388019e+11,\n",
              "        -1.19544925e+13, -8.81636680e+11,  1.70880215e+12,\n",
              "        -2.26937614e+11,  3.28679568e+12,  6.92421328e+11],\n",
              "       [-3.84479063e+11,  1.23884711e+12, -4.48057851e+11,\n",
              "         1.08356150e+12, -1.73059570e+12,  6.16595734e+10,\n",
              "         9.41880243e+10,  1.76723445e+11, -2.70813913e+10,\n",
              "        -1.86716643e+12, -1.37702409e+11,  2.66896986e+11,\n",
              "        -3.54452767e+10,  5.13363036e+11,  1.08148954e+11],\n",
              "       [ 7.99053231e+11, -2.57466500e+12,  9.31187438e+11,\n",
              "        -2.25193879e+12,  3.59665380e+12, -1.28145551e+11,\n",
              "        -1.95748618e+11, -3.67279920e+11,  5.62825790e+10,\n",
              "         3.88048534e+12,  2.86183476e+11, -5.54685338e+11,\n",
              "         7.36650331e+10, -1.06690957e+12, -2.24763269e+11],\n",
              "       [-3.14498072e+12,  1.01335824e+13, -3.66504561e+12,\n",
              "         8.86336954e+12, -1.41560116e+13,  5.04366005e+11,\n",
              "         7.70443825e+11,  1.44557111e+12, -2.21521694e+11,\n",
              "        -1.52731396e+13, -1.12638493e+12,  2.18317707e+12,\n",
              "        -2.89937015e+11,  4.19923217e+12,  8.84642124e+11],\n",
              "       [ 1.19109213e+12, -3.83787100e+12,  1.38805525e+12,\n",
              "        -3.35680587e+12,  5.36127742e+12, -1.91017509e+11,\n",
              "        -2.91788619e+11, -5.47478198e+11,  8.38964596e+10,\n",
              "         5.78436502e+12,  4.26593466e+11, -8.26830199e+11,\n",
              "         1.09807254e+11, -1.59036664e+12, -3.35038708e+11],\n",
              "       [-4.83001201e+12,  1.55629968e+13, -5.62871951e+12,\n",
              "         1.36122238e+13, -2.17405804e+13,  7.74597394e+11,\n",
              "         1.18323553e+12,  2.22008541e+12, -3.40209541e+11,\n",
              "        -2.34562481e+13, -1.72988429e+12,  3.35288907e+12,\n",
              "        -4.45280716e+11,  6.44911484e+12,  1.35861949e+12]])"
            ]
          },
          "metadata": {},
          "execution_count": 10
        }
      ]
    }
  ]
}