{"cells":[{"cell_type":"code","execution_count":null,"id":"b3569120","metadata":{"id":"b3569120"},"outputs":[],"source":["# Даны матрицы А\n","#[[-0.05, -0.07, 0.34, -0.42, 0. , -0.04, -0.33, 0.22, 0.28, 0.43, -0.2 , 0.26, 0.1 , -0.8 , -0.62],\n","# [ 0.62, 0.76, 0.68, -0.36, 0. , 0.39, 0.41, 0.81, 0.84, 0.48, 0.36, 0.11, -0.02, -0.79, 0.37], \n","# [-0.36, -0.59, 0.68, -0.11, 0. , -0.4 , -0.78, -0.59, -0.31, 0.11, -0.38, 0.18, 0.24, 0.23, 0.75], \n","# [ 0.28, 0.17, 0.87, -0.53, 0. , -0.39, 0.34, -0.17, 0.15, -0.21, 0.34, -0.29, -0.41, 0.68, 0.62], \n","# [-0.08, 0.07, 0.09, -0.3 , 0. , -0.73, 0.14, 0.38, 0.1 , -0.02, -0.55, -0.1 , 0.31, 0.88, 0.18], \n","# [-0.4 , 0.41, 0.1 , -0.33, 0. , -0.28, 0.1 , 0.73, -0.25, 0.21, -0.17, -0.04, 0.08, 0.64, -0.25], \n","# [ 0.29, -0.35, -0.34, 0.77, 0. , 0.03, 0.13, 0.82, 0.78, 0.64, 0.67, -0.04, 0.36, 0.79, 0.89], \n","# [ 0.79, 0.56, -0.79, 0.57, 0. , -0.44, -0.62, 0.69, -0.21, -0.34, -0.22, 0.8 , -0.08, -0.54, 0.87], \n","# [-0.76, -0.18, -0.37, -0.72, 0. , 0.46, 0.64, 0.7 , -0.16, 0.76, 0.31, 0.84, 0. , 0.39, -0.1 ], \n","# [ 0.69, 0.66, 0.62, -0.07, 0. , 0.45, 0.47, 0.44, 0.69, -0.03, 0.89, 0.19, -0.57, -0.73, 0.52], \n","# [-0.37, -0.05, -0.29, -0.29, 0. , 0.83, 0.42, -0.75, 0. , 0.05, -0.35, 0.36, -0.13, -0.07, 0.04], \n","# [-0.78, -0.71, 0.66, 0.22, 0. , -0.67, 0.8 , 0.2 , 0.15, 0.39, -0.6 , 0.62, 0.22, -0.75, 0.12], \n","# [-0.65, -0.73, 0.45, -0.56, 0. , 0.07, 0.79, 0.75, 0.27, 0.83, -0.78, 0.85, -0.57, 0.35, -0.69], \n","# [-0.28, -0.09, -0.32, -0.34, 0. , -0.55, -0.63, 0.18, 0.46, -0.49, -0.43, 0.54, -0.09, 0.84, -0.08], \n","# [ 0.12, 0.4 , 0.77, 0.4 , 0. , 0.04, 0.66, 0.3 , -0.6 , -0.48, -0.48, 0.6 , 0.11, -0.36, 0.14]]\n","\n","# и матрица В\n","#[[-70, -28,  19,  34, -70,  37,  84, -49,  -4, -74,  51,   6,  46, 75,  42],\n","# [ 66,  15, -79,  66, -13,   0,  17, -15,   8,  25,  77,  64,  23, 34,  30],\n","# [ -1,  34,  67, -13,  -7, -74, -63, -25,  48,  82,  38,  35,  30, 32, -16],\n","# [ 74,  20, -53,   1, -28, -23,  73,  15, -27,  42, -62, -74,  51, 87,  46],\n","# [ 55,  46,  33,  83,  80,  31,  21, -71,  26, -46,  39, -16,  77, 29, -35],\n","# [ 78, -45, -16, -55, -79,  61, -77, -76,  55,  72,  29, -11, -58, 28,  52],\n","# [  9, -78, -46,  87, -30, -16,  -5,  44, -30, -16, -26, -48,  -7, 34, -40],\n","# [ 61, -47,  18, -16, -61, -55,  25,  37,  55,  66,  -5, -68, -29, -22,  40],\n","# [ -7, -44,  -6,  22,  36,  79, -15, -13,  24,   2,  57,  13, -47, 27, -22],\n","# [ 58, -56, -65,  44, -53, -79,  21,  -7, -77,  31,  70,  55,  72, -50,  -6],\n","# [ 64, -29,  16, -61,  63, -52, -34, -19,  13, -74,  68, -66,  58, 7,  55],\n","# [-79,  21, -64, -59, -16, -30,   4,   5, -54,   4,  20,  52, -11, -20,  -2],\n","# [-44, -72,  41, -33, -35,  34, -17,  47,   1,  25, -70,  26, -35, 57, -47],\n","# [ 53,  38, -55, -24, -42,  33,  74,  32,  83,  79, -25,   2, -27, -19,  46],\n","# [ 11,  29,  10,  18,  39,  -1, -45, -56,  -6,  -7, -46,  10,  23, 5,   4]]"]},{"cell_type":"code","execution_count":null,"id":"8abce98a","metadata":{"id":"8abce98a"},"outputs":[],"source":["# 1 Найдете матрицу последовательного применения операторов А и В"]},{"cell_type":"code","execution_count":null,"id":"bc781015","metadata":{"id":"bc781015"},"outputs":[],"source":["import numpy as np"]},{"cell_type":"code","execution_count":null,"id":"e7676278","metadata":{"id":"e7676278"},"outputs":[],"source":["A = np.array([[-0.05, -0.07, 0.34, -0.42, 0. , -0.04, -0.33, 0.22, 0.28, 0.43, -0.2 , 0.26, 0.1 , -0.8 , -0.62],\n"," [ 0.62, 0.76, 0.68, -0.36, 0. , 0.39, 0.41, 0.81, 0.84, 0.48, 0.36, 0.11, -0.02, -0.79, 0.37], \n"," [-0.36, -0.59, 0.68, -0.11, 0. , -0.4 , -0.78, -0.59, -0.31, 0.11, -0.38, 0.18, 0.24, 0.23, 0.75], \n"," [ 0.28, 0.17, 0.87, -0.53, 0. , -0.39, 0.34, -0.17, 0.15, -0.21, 0.34, -0.29, -0.41, 0.68, 0.62], \n"," [-0.08, 0.07, 0.09, -0.3 , 0. , -0.73, 0.14, 0.38, 0.1 , -0.02, -0.55, -0.1 , 0.31, 0.88, 0.18], \n"," [-0.4 , 0.41, 0.1 , -0.33, 0. , -0.28, 0.1 , 0.73, -0.25, 0.21, -0.17, -0.04, 0.08, 0.64, -0.25], \n"," [ 0.29, -0.35, -0.34, 0.77, 0. , 0.03, 0.13, 0.82, 0.78, 0.64, 0.67, -0.04, 0.36, 0.79, 0.89], \n"," [ 0.79, 0.56, -0.79, 0.57, 0. , -0.44, -0.62, 0.69, -0.21, -0.34, -0.22, 0.8 , -0.08, -0.54, 0.87], \n"," [-0.76, -0.18, -0.37, -0.72, 0. , 0.46, 0.64, 0.7 , -0.16, 0.76, 0.31, 0.84, 0. , 0.39, -0.1 ], \n"," [ 0.69, 0.66, 0.62, -0.07, 0. , 0.45, 0.47, 0.44, 0.69, -0.03, 0.89, 0.19, -0.57, -0.73, 0.52], \n"," [-0.37, -0.05, -0.29, -0.29, 0. , 0.83, 0.42, -0.75, 0. , 0.05, -0.35, 0.36, -0.13, -0.07, 0.04], \n"," [-0.78, -0.71, 0.66, 0.22, 0. , -0.67, 0.8 , 0.2 , 0.15, 0.39, -0.6 , 0.62, 0.22, -0.75, 0.12], \n"," [-0.65, -0.73, 0.45, -0.56, 0. , 0.07, 0.79, 0.75, 0.27, 0.83, -0.78, 0.85, -0.57, 0.35, -0.69], \n"," [-0.28, -0.09, -0.32, -0.34, 0. , -0.55, -0.63, 0.18, 0.46, -0.49, -0.43, 0.54, -0.09, 0.84, -0.08], \n"," [ 0.12, 0.4 , 0.77, 0.4 , 0. , 0.04, 0.66, 0.3 , -0.6 , -0.48, -0.48, 0.6 , 0.11, -0.36, 0.14]])"]},{"cell_type":"code","execution_count":null,"id":"960580a0","metadata":{"id":"960580a0"},"outputs":[],"source":["B = np.array([[-70, -28,  19,  34, -70,  37,  84, -49,  -4, -74,  51,   6,  46, 75,  42],\n"," [ 66,  15, -79,  66, -13,   0,  17, -15,   8,  25,  77,  64,  23, 34,  30],\n"," [ -1,  34,  67, -13,  -7, -74, -63, -25,  48,  82,  38,  35,  30, 32, -16],\n"," [ 74,  20, -53,   1, -28, -23,  73,  15, -27,  42, -62, -74,  51, 87,  46],\n"," [ 55,  46,  33,  83,  80,  31,  21, -71,  26, -46,  39, -16,  77, 29, -35],\n"," [ 78, -45, -16, -55, -79,  61, -77, -76,  55,  72,  29, -11, -58, 28,  52],\n"," [  9, -78, -46,  87, -30, -16,  -5,  44, -30, -16, -26, -48,  -7, 34, -40],\n"," [ 61, -47,  18, -16, -61, -55,  25,  37,  55,  66,  -5, -68, -29, -22,  40],\n"," [ -7, -44,  -6,  22,  36,  79, -15, -13,  24,   2,  57,  13, -47, 27, -22],\n"," [ 58, -56, -65,  44, -53, -79,  21,  -7, -77,  31,  70,  55,  72, -50,  -6],\n"," [ 64, -29,  16, -61,  63, -52, -34, -19,  13, -74,  68, -66,  58, 7,  55],\n"," [-79,  21, -64, -59, -16, -30,   4,   5, -54,   4,  20,  52, -11, -20,  -2],\n"," [-44, -72,  41, -33, -35,  34, -17,  47,   1,  25, -70,  26, -35, 57, -47],\n"," [ 53,  38, -55, -24, -42,  33,  74,  32,  83,  79, -25,   2, -27, -19,  46],\n"," [ 11,  29,  10,  18,  39,  -1, -45, -56,  -6,  -7, -46,  10,  23, 5,   4]])"]},{"cell_type":"code","execution_count":null,"id":"2c5762a0","metadata":{"id":"2c5762a0","outputId":"2188e5d6-3642-4d40-e6a1-7ab456e2cc05"},"outputs":[{"name":"stdout","output_type":"stream","text":["[[-152.16 -146.84  -18.98   25.04    0.      2.66   49.25  -31.4   -12.15\n","    16.34  -69.31   44.7     8.12  268.88   11.47]\n"," [ -41.07    7.27   96.26  -79.17    0.     45.74  195.08   64.73  110.\n","    51.44  -21.08  108.85  -59.48  -70.56  -45.39]\n"," [ -66.13  -51.06  126.27 -126.24    0.     77.44   62.72  -63.95   66.04\n","    45.24  -13.64  129.95  -73.86 -136.19   12.87]\n"," [ 150.69   74.48   -2.2    26.23    0.     10.28  -47.51  205.35  159.23\n","    -3.39   73.64   59.44  -55.57   16.72  -21.41]\n"," [-147.49 -101.5   142.29 -243.12    0.    -42.65   82.3    55.02  104.63\n","   157.77  -91.     11.68  -13.73  245.76  -64.53]\n"," [-100.06   68.9    36.    -96.4     0.    150.66   25.02  -78.2   -81.25\n","   -37.34   39.61   36.66  -24.81 -158.59 -198.39]\n"," [  83.27   16.02 -110.72   14.82    0.    -70.65 -132.61  -74.94  -23.52\n","  -123.43   47.77  -79.66  -61.68  116.96    1.82]\n"," [ 108.65   53.16  -59.69   56.58    0.    130.75  -65.54   -5.87  -26.41\n","   -17.34  141.33   57.72  -28.37 -125.93   53.41]\n"," [ -95.45   15.21  -53.05  -70.8     0.    -34.67   -2.54  -46.76  -46.46\n","   -34.3   -28.02  -20.13   19.09  139.66  -11.06]\n"," [  12.09 -106.85   68.93   53.13    0.     81.28  138.42 -105.71   70.25\n","    34.6   -19.47   17.59  -93.22 -177.47  -68.64]\n"," [-120.81  -90.67  -60.87  -75.9     0.     55.18  -28.24  -89.89 -100.94\n","     8.76 -215.15   82.46   31.66   49.68 -176.54]\n"," [  50.23   20.67  -66.29  140.96    0.     46.83   76.63  -26.92   22.71\n","   -41.91    9.86  -32.51    8.6  -125.36    8.13]\n"," [ -21.78  -34.7  -113.44   75.33    0.   -134.5  -181.84  -17.26  -59.63\n","   -88.83    4.63    7.35   12.62   51.31   48.12]\n"," [  98.4   133.     -9.15   42.14    0.    115.66  122.38  272.     96.66\n","   109.33  186.59  111.9    -4.3  -143.07   61.57]\n"," [ -48.06  -18.84  138.52  -96.27    0.    -56.82   40.02    4.07   11.59\n","    17.19  -48.55  -36.31   -5.12   20.5   -78.32]]\n"]}],"source":["C = np.dot(B, A)\n","print(C)"]},{"cell_type":"code","execution_count":null,"id":"51da7298","metadata":{"id":"51da7298"},"outputs":[],"source":["#2 Примените этот оператор к вектору b [ 8.5, 7.8, 2.4, -4.4, -0.6, 7.7, -3.2, -5.3, -4. , -5.6, -3.7, -2.2, 8.1, -1.1, 2.3]"]},{"cell_type":"code","execution_count":null,"id":"33bf8022","metadata":{"id":"33bf8022","outputId":"c207fd41-1d36-4567-ee95-272b7c18f975"},"outputs":[{"name":"stdout","output_type":"stream","text":["[ 8.5  7.8  2.4 -4.4 -0.6  7.7 -3.2 -5.3 -4.  -5.6 -3.7 -2.2  8.1 -1.1\n","  2.3]\n"]}],"source":["b = np.array([ 8.5, 7.8, 2.4, -4.4, -0.6, 7.7, -3.2, -5.3, -4. , -5.6, -3.7, -2.2, 8.1, -1.1, 2.3])\n","print(b)"]},{"cell_type":"code","execution_count":null,"id":"95c93124","metadata":{"id":"95c93124","outputId":"def42bbd-a34f-45a1-e16e-ae1e7a15cbee"},"outputs":[{"name":"stdout","output_type":"stream","text":["[-2653.55  -1726.251  -539.132  -654.974 -3038.508  1516.034   939.057\n","  1777.987   -18.045 -1214.986   210.535   472.063  -562.658  -947.503\n","  -513.84 ]\n"]}],"source":["y = np.dot(C, b)\n","print(y)"]},{"cell_type":"code","execution_count":null,"id":"9ea85c5c","metadata":{"id":"9ea85c5c"},"outputs":[],"source":["#3 Найдите матрицу обратного отображения"]},{"cell_type":"code","execution_count":null,"id":"4b679974","metadata":{"id":"4b679974","outputId":"be7ecaf5-d641-47f8-b15f-ebf3b6af4749"},"outputs":[{"ename":"LinAlgError","evalue":"Singular matrix","output_type":"error","traceback":["\u001b[1;31m---------------------------------------------------------------------------\u001b[0m","\u001b[1;31mLinAlgError\u001b[0m                               Traceback (most recent call last)","\u001b[1;32m~\\AppData\\Local\\Temp\\ipykernel_2428\\2413457422.py\u001b[0m in \u001b[0;36m<module>\u001b[1;34m\u001b[0m\n\u001b[1;32m----> 1\u001b[1;33m \u001b[0mC_inv\u001b[0m \u001b[1;33m=\u001b[0m \u001b[0mnp\u001b[0m\u001b[1;33m.\u001b[0m\u001b[0mlinalg\u001b[0m\u001b[1;33m.\u001b[0m\u001b[0minv\u001b[0m\u001b[1;33m(\u001b[0m\u001b[0mC\u001b[0m\u001b[1;33m)\u001b[0m\u001b[1;33m\u001b[0m\u001b[1;33m\u001b[0m\u001b[0m\n\u001b[0m\u001b[0;32m      2\u001b[0m \u001b[0mprint\u001b[0m\u001b[1;33m(\u001b[0m\u001b[0mC_inv\u001b[0m\u001b[1;33m)\u001b[0m\u001b[1;33m\u001b[0m\u001b[1;33m\u001b[0m\u001b[0m\n","\u001b[1;32m<__array_function__ internals>\u001b[0m in \u001b[0;36minv\u001b[1;34m(*args, **kwargs)\u001b[0m\n","\u001b[1;32m~\\anaconda3\\lib\\site-packages\\numpy\\linalg\\linalg.py\u001b[0m in \u001b[0;36minv\u001b[1;34m(a)\u001b[0m\n\u001b[0;32m    543\u001b[0m     \u001b[0msignature\u001b[0m \u001b[1;33m=\u001b[0m \u001b[1;34m'D->D'\u001b[0m \u001b[1;32mif\u001b[0m \u001b[0misComplexType\u001b[0m\u001b[1;33m(\u001b[0m\u001b[0mt\u001b[0m\u001b[1;33m)\u001b[0m \u001b[1;32melse\u001b[0m \u001b[1;34m'd->d'\u001b[0m\u001b[1;33m\u001b[0m\u001b[1;33m\u001b[0m\u001b[0m\n\u001b[0;32m    544\u001b[0m     \u001b[0mextobj\u001b[0m \u001b[1;33m=\u001b[0m \u001b[0mget_linalg_error_extobj\u001b[0m\u001b[1;33m(\u001b[0m\u001b[0m_raise_linalgerror_singular\u001b[0m\u001b[1;33m)\u001b[0m\u001b[1;33m\u001b[0m\u001b[1;33m\u001b[0m\u001b[0m\n\u001b[1;32m--> 545\u001b[1;33m     \u001b[0mainv\u001b[0m \u001b[1;33m=\u001b[0m \u001b[0m_umath_linalg\u001b[0m\u001b[1;33m.\u001b[0m\u001b[0minv\u001b[0m\u001b[1;33m(\u001b[0m\u001b[0ma\u001b[0m\u001b[1;33m,\u001b[0m \u001b[0msignature\u001b[0m\u001b[1;33m=\u001b[0m\u001b[0msignature\u001b[0m\u001b[1;33m,\u001b[0m \u001b[0mextobj\u001b[0m\u001b[1;33m=\u001b[0m\u001b[0mextobj\u001b[0m\u001b[1;33m)\u001b[0m\u001b[1;33m\u001b[0m\u001b[1;33m\u001b[0m\u001b[0m\n\u001b[0m\u001b[0;32m    546\u001b[0m     \u001b[1;32mreturn\u001b[0m \u001b[0mwrap\u001b[0m\u001b[1;33m(\u001b[0m\u001b[0mainv\u001b[0m\u001b[1;33m.\u001b[0m\u001b[0mastype\u001b[0m\u001b[1;33m(\u001b[0m\u001b[0mresult_t\u001b[0m\u001b[1;33m,\u001b[0m \u001b[0mcopy\u001b[0m\u001b[1;33m=\u001b[0m\u001b[1;32mFalse\u001b[0m\u001b[1;33m)\u001b[0m\u001b[1;33m)\u001b[0m\u001b[1;33m\u001b[0m\u001b[1;33m\u001b[0m\u001b[0m\n\u001b[0;32m    547\u001b[0m \u001b[1;33m\u001b[0m\u001b[0m\n","\u001b[1;32m~\\anaconda3\\lib\\site-packages\\numpy\\linalg\\linalg.py\u001b[0m in \u001b[0;36m_raise_linalgerror_singular\u001b[1;34m(err, flag)\u001b[0m\n\u001b[0;32m     86\u001b[0m \u001b[1;33m\u001b[0m\u001b[0m\n\u001b[0;32m     87\u001b[0m \u001b[1;32mdef\u001b[0m \u001b[0m_raise_linalgerror_singular\u001b[0m\u001b[1;33m(\u001b[0m\u001b[0merr\u001b[0m\u001b[1;33m,\u001b[0m \u001b[0mflag\u001b[0m\u001b[1;33m)\u001b[0m\u001b[1;33m:\u001b[0m\u001b[1;33m\u001b[0m\u001b[1;33m\u001b[0m\u001b[0m\n\u001b[1;32m---> 88\u001b[1;33m     \u001b[1;32mraise\u001b[0m \u001b[0mLinAlgError\u001b[0m\u001b[1;33m(\u001b[0m\u001b[1;34m\"Singular matrix\"\u001b[0m\u001b[1;33m)\u001b[0m\u001b[1;33m\u001b[0m\u001b[1;33m\u001b[0m\u001b[0m\n\u001b[0m\u001b[0;32m     89\u001b[0m \u001b[1;33m\u001b[0m\u001b[0m\n\u001b[0;32m     90\u001b[0m \u001b[1;32mdef\u001b[0m \u001b[0m_raise_linalgerror_nonposdef\u001b[0m\u001b[1;33m(\u001b[0m\u001b[0merr\u001b[0m\u001b[1;33m,\u001b[0m \u001b[0mflag\u001b[0m\u001b[1;33m)\u001b[0m\u001b[1;33m:\u001b[0m\u001b[1;33m\u001b[0m\u001b[1;33m\u001b[0m\u001b[0m\n","\u001b[1;31mLinAlgError\u001b[0m: Singular matrix"]}],"source":["C_inv = np.linalg.inv(C)\n","print(C_inv)"]},{"cell_type":"code","execution_count":null,"id":"65d478e1","metadata":{"id":"65d478e1","outputId":"22787e1c-4f19-4d55-f04c-3def4bdc6d4c"},"outputs":[{"name":"stdout","output_type":"stream","text":["Matrix is singular, no inverse mapping matrix can be found\n"]}],"source":["#Проверяем, является ли матрица сингулярной\n","import numpy as np\n","\n","det = np.linalg.det(C)\n","\n","if det == 0:\n","    print(\"Matrix is singular, no inverse mapping matrix can be found\")\n","else:\n","    B = np.linalg.inv(C)\n","    print(\"Inverse mapping matrix: \\n\", B)"]},{"cell_type":"code","execution_count":null,"id":"57c10d38","metadata":{"id":"57c10d38"},"outputs":[],"source":[]}],"metadata":{"kernelspec":{"display_name":"Python 3 (ipykernel)","language":"python","name":"python3"},"language_info":{"codemirror_mode":{"name":"ipython","version":3},"file_extension":".py","mimetype":"text/x-python","name":"python","nbconvert_exporter":"python","pygments_lexer":"ipython3","version":"3.9.13"},"colab":{"provenance":[]}},"nbformat":4,"nbformat_minor":5}