{"cells":[{"cell_type":"code","execution_count":3,"id":"c16c6b6e","metadata":{"id":"c16c6b6e","executionInfo":{"status":"ok","timestamp":1676722468945,"user_tz":-180,"elapsed":556,"user":{"displayName":"Светлана Черкас","userId":"06424018220886691903"}}},"outputs":[],"source":["import numpy as np"]},{"cell_type":"markdown","id":"e0348ee8","metadata":{"id":"e0348ee8"},"source":["Даны матрицы А\n","\n","[[-0.05, -0.07,  0.34, -0.42,  0.  , -0.04, -0.33,  0.22,  0.28,\n","         0.43, -0.2 ,  0.26,  0.1 , -0.8 , -0.62],\n","       [ 0.62,  0.76,  0.68, -0.36,  0.  ,  0.39,  0.41,  0.81,  0.84,\n","         0.48,  0.36,  0.11, -0.02, -0.79,  0.37],\n","       [-0.36, -0.59,  0.68, -0.11,  0.  , -0.4 , -0.78, -0.59, -0.31,\n","         0.11, -0.38,  0.18,  0.24,  0.23,  0.75],\n","       [ 0.28,  0.17,  0.87, -0.53,  0.  , -0.39,  0.34, -0.17,  0.15,\n","        -0.21,  0.34, -0.29, -0.41,  0.68,  0.62],\n","       [-0.08,  0.07,  0.09, -0.3 ,  0.  , -0.73,  0.14,  0.38,  0.1 ,\n","        -0.02, -0.55, -0.1 ,  0.31,  0.88,  0.18],\n","       [-0.4 ,  0.41,  0.1 , -0.33,  0.  , -0.28,  0.1 ,  0.73, -0.25,\n","         0.21, -0.17, -0.04,  0.08,  0.64, -0.25],\n","       [ 0.29, -0.35, -0.34,  0.77,  0.  ,  0.03,  0.13,  0.82,  0.78,\n","         0.64,  0.67, -0.04,  0.36,  0.79,  0.89],\n","       [ 0.79,  0.56, -0.79,  0.57,  0.  , -0.44, -0.62,  0.69, -0.21,\n","        -0.34, -0.22,  0.8 , -0.08, -0.54,  0.87],\n","       [-0.76, -0.18, -0.37, -0.72,  0.  ,  0.46,  0.64,  0.7 , -0.16,\n","         0.76,  0.31,  0.84,  0.  ,  0.39, -0.1 ],\n","       [ 0.69,  0.66,  0.62, -0.07,  0.  ,  0.45,  0.47,  0.44,  0.69,\n","        -0.03,  0.89,  0.19, -0.57, -0.73,  0.52],\n","       [-0.37, -0.05, -0.29, -0.29,  0.  ,  0.83,  0.42, -0.75,  0.  ,\n","         0.05, -0.35,  0.36, -0.13, -0.07,  0.04],\n","       [-0.78, -0.71,  0.66,  0.22,  0.  , -0.67,  0.8 ,  0.2 ,  0.15,\n","         0.39, -0.6 ,  0.62,  0.22, -0.75,  0.12],\n","       [-0.65, -0.73,  0.45, -0.56,  0.  ,  0.07,  0.79,  0.75,  0.27,\n","         0.83, -0.78,  0.85, -0.57,  0.35, -0.69],\n","       [-0.28, -0.09, -0.32, -0.34,  0.  , -0.55, -0.63,  0.18,  0.46,\n","        -0.49, -0.43,  0.54, -0.09,  0.84, -0.08],\n","       [ 0.12,  0.4 ,  0.77,  0.4 ,  0.  ,  0.04,  0.66,  0.3 , -0.6 ,\n","        -0.48, -0.48,  0.6 ,  0.11, -0.36,  0.14]]\n","\n","и В\n","\n","       [-70, -28,  19,  34, -70,  37,  84, -49,  -4, -74,  51,   6,  46,\n","         75,  42],\n","       [ 66,  15, -79,  66, -13,   0,  17, -15,   8,  25,  77,  64,  23,\n","         34,  30],\n","       [ -1,  34,  67, -13,  -7, -74, -63, -25,  48,  82,  38,  35,  30,\n","         32, -16],\n","       [ 74,  20, -53,   1, -28, -23,  73,  15, -27,  42, -62, -74,  51,\n","         87,  46],\n","       [ 55,  46,  33,  83,  80,  31,  21, -71,  26, -46,  39, -16,  77,\n","         29, -35],\n","       [ 78, -45, -16, -55, -79,  61, -77, -76,  55,  72,  29, -11, -58,\n","         28,  52],\n","       [  9, -78, -46,  87, -30, -16,  -5,  44, -30, -16, -26, -48,  -7,\n","         34, -40],\n","       [ 61, -47,  18, -16, -61, -55,  25,  37,  55,  66,  -5, -68, -29,\n","        -22,  40],\n","       [ -7, -44,  -6,  22,  36,  79, -15, -13,  24,   2,  57,  13, -47,\n","         27, -22],\n","       [ 58, -56, -65,  44, -53, -79,  21,  -7, -77,  31,  70,  55,  72,\n","        -50,  -6],\n","       [ 64, -29,  16, -61,  63, -52, -34, -19,  13, -74,  68, -66,  58,\n","          7,  55],\n","       [-79,  21, -64, -59, -16, -30,   4,   5, -54,   4,  20,  52, -11,\n","        -20,  -2],\n","       [-44, -72,  41, -33, -35,  34, -17,  47,   1,  25, -70,  26, -35,\n","         57, -47],\n","       [ 53,  38, -55, -24, -42,  33,  74,  32,  83,  79, -25,   2, -27,\n","        -19,  46],\n","       [ 11,  29,  10,  18,  39,  -1, -45, -56,  -6,  -7, -46,  10,  23,\n","          5,   4]]\n","\n","1 Найдете матрицу последовательного применения операторов А и В\n","        \n","2 Примените этот оператор к вектору b\n","        [ 8.5,  7.8,  2.4, -4.4, -0.6,  7.7, -3.2, -5.3, -4. , -5.6, -3.7,\n","       -2.2,  8.1, -1.1,  2.3]\n","    \n","3 Найдите матрицу обратного отображения     \n","\n"]},{"cell_type":"code","execution_count":19,"id":"0d9fde35","metadata":{"id":"0d9fde35","executionInfo":{"status":"ok","timestamp":1676734423268,"user_tz":-180,"elapsed":408,"user":{"displayName":"Светлана Черкас","userId":"06424018220886691903"}}},"outputs":[],"source":["A = np.array([[-0.05, -0.07, 0.34, -0.42, 0. , -0.04, -0.33, 0.22, 0.28, 0.43, -0.2 , 0.26, 0.1 , -0.8 , -0.62], [ 0.62, 0.76, 0.68, -0.36, 0. , 0.39, 0.41, 0.81, 0.84, 0.48, 0.36, 0.11, -0.02, -0.79, 0.37], [-0.36, -0.59, 0.68, -0.11, 0. , -0.4 , -0.78, -0.59, -0.31, 0.11, -0.38, 0.18, 0.24, 0.23, 0.75], [ 0.28, 0.17, 0.87, -0.53, 0. , -0.39, 0.34, -0.17, 0.15, -0.21, 0.34, -0.29, -0.41, 0.68, 0.62], [-0.08, 0.07, 0.09, -0.3 , 0. , -0.73, 0.14, 0.38, 0.1 , -0.02, -0.55, -0.1 , 0.31, 0.88, 0.18], [-0.4 , 0.41, 0.1 , -0.33, 0. , -0.28, 0.1 , 0.73, -0.25, 0.21, -0.17, -0.04, 0.08, 0.64, -0.25], [ 0.29, -0.35, -0.34, 0.77, 0. , 0.03, 0.13, 0.82, 0.78, 0.64, 0.67, -0.04, 0.36, 0.79, 0.89], [ 0.79, 0.56, -0.79, 0.57, 0. , -0.44, -0.62, 0.69, -0.21, -0.34, -0.22, 0.8 , -0.08, -0.54, 0.87], [-0.76, -0.18, -0.37, -0.72, 0. , 0.46, 0.64, 0.7 , -0.16, 0.76, 0.31, 0.84, 0. , 0.39, -0.1 ], [ 0.69, 0.66, 0.62, -0.07, 0. , 0.45, 0.47, 0.44, 0.69, -0.03, 0.89, 0.19, -0.57, -0.73, 0.52], [-0.37, -0.05, -0.29, -0.29, 0. , 0.83, 0.42, -0.75, 0. , 0.05, -0.35, 0.36, -0.13, -0.07, 0.04], [-0.78, -0.71, 0.66, 0.22, 0. , -0.67, 0.8 , 0.2 , 0.15, 0.39, -0.6 , 0.62, 0.22, -0.75, 0.12], [-0.65, -0.73, 0.45, -0.56, 0. , 0.07, 0.79, 0.75, 0.27, 0.83, -0.78, 0.85, -0.57, 0.35, -0.69], [-0.28, -0.09, -0.32, -0.34, 0. , -0.55, -0.63, 0.18, 0.46, -0.49, -0.43, 0.54, -0.09, 0.84, -0.08], [ 0.12, 0.4 , 0.77, 0.4 , 0. , 0.04, 0.66, 0.3 , -0.6 , -0.48, -0.48, 0.6 , 0.11, -0.36, 0.14]])\n"]},{"cell_type":"code","source":["np.linalg.det(A)"],"metadata":{"colab":{"base_uri":"https://localhost:8080/"},"id":"dvS_tF3B6NWx","executionInfo":{"status":"ok","timestamp":1676722474726,"user_tz":-180,"elapsed":415,"user":{"displayName":"Светлана Черкас","userId":"06424018220886691903"}},"outputId":"98bd2987-2652-4d7a-9104-06f58f4222a7"},"id":"dvS_tF3B6NWx","execution_count":5,"outputs":[{"output_type":"execute_result","data":{"text/plain":["0.0"]},"metadata":{},"execution_count":5}]},{"cell_type":"code","execution_count":6,"id":"32c48485","metadata":{"id":"32c48485","executionInfo":{"status":"ok","timestamp":1676722476821,"user_tz":-180,"elapsed":2,"user":{"displayName":"Светлана Черкас","userId":"06424018220886691903"}}},"outputs":[],"source":["B =  np.array([[-70, -28,  19,  34, -70,  37,  84, -49,  -4, -74,  51,   6,  46,\n","     75,  42],\n","   [ 66,  15, -79,  66, -13,   0,  17, -15,   8,  25,  77,  64,  23,\n","     34,  30],\n","   [ -1,  34,  67, -13,  -7, -74, -63, -25,  48,  82,  38,  35,  30,\n","     32, -16],\n","   [ 74,  20, -53,   1, -28, -23,  73,  15, -27,  42, -62, -74,  51,\n","     87,  46],\n","   [ 55,  46,  33,  83,  80,  31,  21, -71,  26, -46,  39, -16,  77,\n","     29, -35],\n","   [ 78, -45, -16, -55, -79,  61, -77, -76,  55,  72,  29, -11, -58,\n","     28,  52],\n","   [  9, -78, -46,  87, -30, -16,  -5,  44, -30, -16, -26, -48,  -7,\n","     34, -40],\n","   [ 61, -47,  18, -16, -61, -55,  25,  37,  55,  66,  -5, -68, -29,\n","    -22,  40],\n","   [ -7, -44,  -6,  22,  36,  79, -15, -13,  24,   2,  57,  13, -47,\n","     27, -22],\n","   [ 58, -56, -65,  44, -53, -79,  21,  -7, -77,  31,  70,  55,  72,\n","    -50,  -6],\n","   [ 64, -29,  16, -61,  63, -52, -34, -19,  13, -74,  68, -66,  58,\n","      7,  55],\n","   [-79,  21, -64, -59, -16, -30,   4,   5, -54,   4,  20,  52, -11,\n","    -20,  -2],\n","   [-44, -72,  41, -33, -35,  34, -17,  47,   1,  25, -70,  26, -35,\n","     57, -47],\n","   [ 53,  38, -55, -24, -42,  33,  74,  32,  83,  79, -25,   2, -27,\n","    -19,  46],\n","   [ 11,  29,  10,  18,  39,  -1, -45, -56,  -6,  -7, -46,  10,  23,\n","      5,   4]])"]},{"cell_type":"code","source":["np.linalg.det(B)"],"metadata":{"colab":{"base_uri":"https://localhost:8080/"},"id":"-oXKES6Y9K8c","executionInfo":{"status":"ok","timestamp":1676722479655,"user_tz":-180,"elapsed":376,"user":{"displayName":"Светлана Черкас","userId":"06424018220886691903"}},"outputId":"fc710edc-c2c8-4610-effd-4bd12df5a5c7"},"id":"-oXKES6Y9K8c","execution_count":7,"outputs":[{"output_type":"execute_result","data":{"text/plain":["-5.424319762396377e+30"]},"metadata":{},"execution_count":7}]},{"cell_type":"code","source":["C = B @ A\n","C"],"metadata":{"colab":{"base_uri":"https://localhost:8080/"},"id":"ifKSXMnN53Hc","executionInfo":{"status":"ok","timestamp":1676722481960,"user_tz":-180,"elapsed":461,"user":{"displayName":"Светлана Черкас","userId":"06424018220886691903"}},"outputId":"b4a703f9-34e1-4805-8aaf-afcf9f382555"},"id":"ifKSXMnN53Hc","execution_count":8,"outputs":[{"output_type":"execute_result","data":{"text/plain":["array([[-152.16, -146.84,  -18.98,   25.04,    0.  ,    2.66,   49.25,\n","         -31.4 ,  -12.15,   16.34,  -69.31,   44.7 ,    8.12,  268.88,\n","          11.47],\n","       [ -41.07,    7.27,   96.26,  -79.17,    0.  ,   45.74,  195.08,\n","          64.73,  110.  ,   51.44,  -21.08,  108.85,  -59.48,  -70.56,\n","         -45.39],\n","       [ -66.13,  -51.06,  126.27, -126.24,    0.  ,   77.44,   62.72,\n","         -63.95,   66.04,   45.24,  -13.64,  129.95,  -73.86, -136.19,\n","          12.87],\n","       [ 150.69,   74.48,   -2.2 ,   26.23,    0.  ,   10.28,  -47.51,\n","         205.35,  159.23,   -3.39,   73.64,   59.44,  -55.57,   16.72,\n","         -21.41],\n","       [-147.49, -101.5 ,  142.29, -243.12,    0.  ,  -42.65,   82.3 ,\n","          55.02,  104.63,  157.77,  -91.  ,   11.68,  -13.73,  245.76,\n","         -64.53],\n","       [-100.06,   68.9 ,   36.  ,  -96.4 ,    0.  ,  150.66,   25.02,\n","         -78.2 ,  -81.25,  -37.34,   39.61,   36.66,  -24.81, -158.59,\n","        -198.39],\n","       [  83.27,   16.02, -110.72,   14.82,    0.  ,  -70.65, -132.61,\n","         -74.94,  -23.52, -123.43,   47.77,  -79.66,  -61.68,  116.96,\n","           1.82],\n","       [ 108.65,   53.16,  -59.69,   56.58,    0.  ,  130.75,  -65.54,\n","          -5.87,  -26.41,  -17.34,  141.33,   57.72,  -28.37, -125.93,\n","          53.41],\n","       [ -95.45,   15.21,  -53.05,  -70.8 ,    0.  ,  -34.67,   -2.54,\n","         -46.76,  -46.46,  -34.3 ,  -28.02,  -20.13,   19.09,  139.66,\n","         -11.06],\n","       [  12.09, -106.85,   68.93,   53.13,    0.  ,   81.28,  138.42,\n","        -105.71,   70.25,   34.6 ,  -19.47,   17.59,  -93.22, -177.47,\n","         -68.64],\n","       [-120.81,  -90.67,  -60.87,  -75.9 ,    0.  ,   55.18,  -28.24,\n","         -89.89, -100.94,    8.76, -215.15,   82.46,   31.66,   49.68,\n","        -176.54],\n","       [  50.23,   20.67,  -66.29,  140.96,    0.  ,   46.83,   76.63,\n","         -26.92,   22.71,  -41.91,    9.86,  -32.51,    8.6 , -125.36,\n","           8.13],\n","       [ -21.78,  -34.7 , -113.44,   75.33,    0.  , -134.5 , -181.84,\n","         -17.26,  -59.63,  -88.83,    4.63,    7.35,   12.62,   51.31,\n","          48.12],\n","       [  98.4 ,  133.  ,   -9.15,   42.14,    0.  ,  115.66,  122.38,\n","         272.  ,   96.66,  109.33,  186.59,  111.9 ,   -4.3 , -143.07,\n","          61.57],\n","       [ -48.06,  -18.84,  138.52,  -96.27,    0.  ,  -56.82,   40.02,\n","           4.07,   11.59,   17.19,  -48.55,  -36.31,   -5.12,   20.5 ,\n","         -78.32]])"]},"metadata":{},"execution_count":8}]},{"cell_type":"code","source":["np.linalg.det(C)"],"metadata":{"id":"OdLvLGIdh_3B","executionInfo":{"status":"ok","timestamp":1676722490103,"user_tz":-180,"elapsed":690,"user":{"displayName":"Светлана Черкас","userId":"06424018220886691903"}},"outputId":"70e5fb77-94ad-4ea7-dbb2-e0604fdca145","colab":{"base_uri":"https://localhost:8080/"}},"id":"OdLvLGIdh_3B","execution_count":9,"outputs":[{"output_type":"execute_result","data":{"text/plain":["0.0"]},"metadata":{},"execution_count":9}]},{"cell_type":"code","source":["b  = np.array([ 8.5, 7.8, 2.4, -4.4, -0.6, 7.7, -3.2, -5.3, -4. , -5.6, -3.7, -2.2, 8.1, -1.1, 2.3])\n","b"],"metadata":{"id":"9eNcxFT453EZ","colab":{"base_uri":"https://localhost:8080/"},"executionInfo":{"status":"ok","timestamp":1676722498314,"user_tz":-180,"elapsed":669,"user":{"displayName":"Светлана Черкас","userId":"06424018220886691903"}},"outputId":"e62d1b8b-2e0d-4658-b6d0-4e0ed54f15dc"},"id":"9eNcxFT453EZ","execution_count":10,"outputs":[{"output_type":"execute_result","data":{"text/plain":["array([ 8.5,  7.8,  2.4, -4.4, -0.6,  7.7, -3.2, -5.3, -4. , -5.6, -3.7,\n","       -2.2,  8.1, -1.1,  2.3])"]},"metadata":{},"execution_count":10}]},{"cell_type":"code","source":["u = A@b\n","u"],"metadata":{"colab":{"base_uri":"https://localhost:8080/"},"id":"XjytDSoHJceb","executionInfo":{"status":"ok","timestamp":1676734235060,"user_tz":-180,"elapsed":403,"user":{"displayName":"Светлана Черкас","userId":"06424018220886691903"}},"outputId":"cd655a86-6855-4297-fc75-18098419373c"},"id":"XjytDSoHJceb","execution_count":15,"outputs":[{"output_type":"execute_result","data":{"text/plain":["array([ -1.821,   5.748,   2.047,   2.249,  -2.757,  -4.945, -14.001,\n","         5.363, -15.07 ,   3.517,   5.406, -19.376, -24.94 ,  -6.057,\n","         7.987])"]},"metadata":{},"execution_count":15}]},{"cell_type":"code","source":["u = B@u\n","u #образ вектора b"],"metadata":{"colab":{"base_uri":"https://localhost:8080/"},"id":"qRBwdWNOJcb0","executionInfo":{"status":"ok","timestamp":1676734245728,"user_tz":-180,"elapsed":367,"user":{"displayName":"Светлана Черкас","userId":"06424018220886691903"}},"outputId":"daf73c45-8521-4999-bdc2-384b9b9ed551"},"id":"qRBwdWNOJcb0","execution_count":16,"outputs":[{"output_type":"execute_result","data":{"text/plain":["array([-2653.55 , -1726.251,  -539.132,  -654.974, -3038.508,  1516.034,\n","         939.057,  1777.987,   -18.045, -1214.986,   210.535,   472.063,\n","        -562.658,  -947.503,  -513.84 ])"]},"metadata":{},"execution_count":16}]},{"cell_type":"code","source":["C @ b"],"metadata":{"colab":{"base_uri":"https://localhost:8080/"},"id":"uaIdpuJl9z9T","executionInfo":{"status":"ok","timestamp":1676734306292,"user_tz":-180,"elapsed":378,"user":{"displayName":"Светлана Черкас","userId":"06424018220886691903"}},"outputId":"631d3f8f-4ff7-48c2-9399-d93bfe242d7d"},"id":"uaIdpuJl9z9T","execution_count":18,"outputs":[{"output_type":"execute_result","data":{"text/plain":["array([-2653.55 , -1726.251,  -539.132,  -654.974, -3038.508,  1516.034,\n","         939.057,  1777.987,   -18.045, -1214.986,   210.535,   472.063,\n","        -562.658,  -947.503,  -513.84 ])"]},"metadata":{},"execution_count":18}]},{"cell_type":"code","source":["B @ A @ b"],"metadata":{"id":"tcZROqRpMRlR","colab":{"base_uri":"https://localhost:8080/"},"executionInfo":{"status":"ok","timestamp":1676734292294,"user_tz":-180,"elapsed":2,"user":{"displayName":"Светлана Черкас","userId":"06424018220886691903"}},"outputId":"dbcf1488-5a06-428b-ce4b-99588977d358"},"id":"tcZROqRpMRlR","execution_count":17,"outputs":[{"output_type":"execute_result","data":{"text/plain":["array([-2653.55 , -1726.251,  -539.132,  -654.974, -3038.508,  1516.034,\n","         939.057,  1777.987,   -18.045, -1214.986,   210.535,   472.063,\n","        -562.658,  -947.503,  -513.84 ])"]},"metadata":{},"execution_count":17}]},{"cell_type":"code","source":[],"metadata":{"id":"zZzwEDD1J7-G"},"id":"zZzwEDD1J7-G","execution_count":null,"outputs":[]},{"cell_type":"code","source":["import numpy as np\n","\n","def is_invertible(matrix):\n","    determinant = np.linalg.det(matrix)\n","    return determinant != 0\n","\n","def inverse_matrix(matrix):\n","    if is_invertible(matrix):\n","        return np.linalg.inv(matrix)\n","    else:\n","        return None\n","\n","# Пример использования:\n","A = np.array([[7, 4, -4], [2, -4, -5], [-2, 5, 1]])\n","if is_invertible(A):\n","    A_inv = inverse_matrix(A)\n","    print(\"Обратная матрица:\\n\", A_inv)\n","else:\n","    print(\"Матрица не имеет обратной.\")"],"metadata":{"id":"42c_ipaj52-R","colab":{"base_uri":"https://localhost:8080/"},"executionInfo":{"status":"ok","timestamp":1676294551981,"user_tz":-180,"elapsed":1510,"user":{"displayName":"Светлана Черкас","userId":"06424018220886691903"}},"outputId":"93649ba0-14f6-4c6f-98e8-6942bce5cdb1"},"id":"42c_ipaj52-R","execution_count":null,"outputs":[{"output_type":"stream","name":"stdout","text":["Обратная матрица:\n"," [[ 0.12280702 -0.14035088 -0.21052632]\n"," [ 0.04678363 -0.00584795  0.15789474]\n"," [ 0.01169591 -0.25146199 -0.21052632]]\n"]}]},{"cell_type":"code","source":[],"metadata":{"id":"eIYhiF-f527J"},"id":"eIYhiF-f527J","execution_count":null,"outputs":[]}],"metadata":{"kernelspec":{"display_name":"Python 3 (ipykernel)","language":"python","name":"python3"},"language_info":{"codemirror_mode":{"name":"ipython","version":3},"file_extension":".py","mimetype":"text/x-python","name":"python","nbconvert_exporter":"python","pygments_lexer":"ipython3","version":"3.9.13"},"colab":{"provenance":[]}},"nbformat":4,"nbformat_minor":5}